85713J98S49S* C1998 09 29.37562 04 45 23.76 +19 16 21.3          18.2  aa2386704
85713J98S49S  C1998 09 29.38788 04 45 25.81 +19 16 33.1          18.5  aa2386704
85713J98S49S  C1998 09 29.40017 04 45 27.75 +19 16 41.8          18.5  aa2386704
85713J98S49S  C1998 09 29.41245 04 45 29.57 +19 16 50.6          19.0  aa2386704
85713J98S49S  C1998 09 29.42481 04 45 31.56 +19 17 02.2          18.7  aa2386704
85713J98S49S  C1998 09 30.03917 04 47 10.88 +19 25 02.7                 a2386557
85713J98S49S  C1998 09 30.04150 04 47 11.27 +19 25 04.6          18.0 V a2386557
85713J98S49S  C1998 09 30.08894 04 47 18.85 +19 25 43.0          17.6 V a2386046
85713J98S49S  C1998 09 30.09019 04 47 19.06 +19 25 43.9                 a2386046
85713J98S49S  C1998 09 30.09146 04 47 19.24 +19 25 44.9                 a2386046
85713J98S49S  C1998 09 30.09266 04 47 19.44 +19 25 45.9                 a2386046
85713J98S49S  C1998 09 30.47942 04 48 22.64 +19 30 55.4                 a2386658
85713J98S49S  C1998 09 30.48510 04 48 23.56 +19 31 00.0                 a2386658
85713J98S49S  C1998 09 30.49686 04 48 25.41 +19 31 09.5                 a2386658
85713J98S49S  C1998 09 30.64152 04 48 49.67 +19 33 20.4          18.2 R a2386422
85713J98S49S  C1998 09 30.64250 04 48 49.87 +19 33 21.1          18.0 R a2386422
85713J98S49S  C1998 09 30.64565 04 48 50.35 +19 33 23.4          18.0 R a2386422
85713J98S49S  C1998 10 01.74698 04 51 53.90 +19 48 26.3          18.2 R a2386422
85713J98S49S  C1998 10 01.74807 04 51 54.12 +19 48 27.4          17.9 R a2386422
85713J98S49S  C1998 10 01.74877 04 51 54.24 +19 48 27.9          18.1 R a2386422
85713J98S49S  C1998 10 02.43018 04 53 50.66 +19 57 45.1          18.1  aa2386704
85713J98S49S  C1998 10 02.44528 04 53 53.22 +19 57 58.4          18.4  aa2386704
85713J98S49S  C1998 10 02.46040 04 53 55.77 +19 58 11.3          18.1  aa2386704
85713J98S49S  C1998 10 02.47542 04 53 58.31 +19 58 24.1          18.1  aa2386704
85713J98S49S  C1998 10 02.49062 04 54 00.82 +19 58 36.7          18.6  aa2386704
85713J98S49S  C1998 10 02.64073 04 54 27.44 +20 00 42.1                za2386411
85713J98S49S  C1998 10 02.64246 04 54 27.75 +20 00 44.2                za2386411
85713J98S49S  C1998 10 02.65440 04 54 29.75 +20 00 54.1                za2386411
85713J98S49S  C1998 10 02.72394 04 54 41.34 +20 02 08.8          17.8 R a2386422
85713J98S49S  C1998 10 02.72462 04 54 41.54 +20 02 08.6          17.4 R a2386422
85713J98S49S  C1998 10 02.72527 04 54 41.65 +20 02 09.1          17.3 R a2386422
85713J98S49S  C1998 10 02.78542 04 54 52.07 +20 02 47.3          17.8 V a2386360
85713J98S49S  C1998 10 02.78802 04 54 52.50 +20 02 49.9                 a2386360
85713J98S49S  C1998 10 02.79010 04 54 52.85 +20 02 51.7                 a2386360
85713J98S49S  C1998 10 13.96119 05 33 15.23 +23 08 13.5                 a2696557
85713J98S49S  C1998 10 13.96281 05 33 15.61 +23 08 15.1                 a2696557
85713J98S49S  C1998 10 13.96444 05 33 16.02 +23 08 17.0          16.9 V a2696557
85713J98S49S  C1998 10 17.07144 05 46 55.18 +24 11 03.5          16.7 V a2696046
85713J98S49S  C1998 10 17.07247 05 46 55.46 +24 11 04.8                 a2696046
85713J98S49S  C1998 10 17.07380 05 46 55.81 +24 11 06.3                 a2696046
85713J98S49S  C1998 10 17.07456 05 46 56.04 +24 11 07.5                 a2696046
85713J98S49S  C1998 10 18.53453 05 53 59.26 +24 42 26.6                 a2696658
85713J98S49S  C1998 10 18.53757 05 54 00.15 +24 42 30.4                 a2696658
85713J98S49S  C1998 10 18.54089 05 54 01.14 +24 42 34.7                 a2696658
85713J98S49S  C1998 10 19.49176 05 58 52.50 +25 03 36.1                 a2696658
85713J98S49S  C1998 10 19.49391 05 58 53.17 +25 03 39.1                 a2696658
85713J98S49S  C1998 10 19.49652 05 58 53.95 +25 03 42.6                 a2696658
85713J98S49S  C1998 10 21.09450 06 07 33.25 +25 40 04.6          15.9 R a2696118
85713J98S49S  C1998 10 21.10425 06 07 36.50 +25 40 17.9                 a2696118
85713J98S49S  C1998 10 21.20448 06 08 10.87 +25 42 57.3          16.4 Rza2696860
85713J98S49S  C1998 10 21.21253 06 08 13.88 +25 43 08.8          16.5 Rza2696860
85713J98S49S  C1998 10 23.18023 06 19 53.48 +26 29 17.1          15.9 V a2696046
85713J98S49S  C1998 10 23.18110 06 19 53.80 +26 29 18.4                 a2696046
85713J98S49S  C1998 10 23.18208 06 19 54.17 +26 29 19.7                 a2696046
85713J98S49S  C1998 10 23.18388 06 19 54.82 +26 29 22.2                 a2696046
85713J98S49S  C1998 10 25.75403 06 37 03.00 +27 32 02.6          15.7 Vza2696402
85713J98S49S  C1998 10 25.75542 06 37 03.63 +27 32 04.7                za2696402
85713J98S49S  C1998 10 25.75819 06 37 04.81 +27 32 09.1                za2696402
85713J98S49S  C1998 10 25.92824 06 38 18.53 +27 36 10.1                za2696587
85713J98S49S  C1998 10 25.92999 06 38 19.27 +27 36 11.8                za2696587
85713J98S49S  C1998 10 26.09000 06 39 27.81 +27 40 13.1          15.7   a2696143
85713J98S49S  C1998 10 26.09157 06 39 28.43 +27 40 14.9          15.7   a2696143
85713J98S49S  C1998 10 26.09315 06 39 29.17 +27 40 17.4          15.5   a2696143
85713J98S49S  C1998 10 29.76285 07 08 54.09 +29 09 10.9          15.9 V a2696360
85713J98S49S  C1998 10 29.76771 07 08 56.63 +29 09 18.0                 a2696360
85713J98S49S  C1998 10 29.76944 07 08 57.53 +29 09 20.5                 a2696360
85713J98S49S  C1998 10 30.37894 07 14 26.81 +29 23 21.0          17.5  aa2696704
85713J98S49S  C1998 10 30.38953 07 14 32.51 +29 23 34.8                aa2696704
85713J98S49S  C1998 10 30.40031 07 14 38.39 +29 23 50.4                aa2696704
85713J98S49S  C1998 10 30.41115 07 14 44.22 +29 24 06.4                aa2696704
85713J98S49S  C1998 10 30.42196 07 14 50.07 +29 24 20.8                aa2696704
85713J98S49S  C1998 10 30.95671 07 19 48.92 +29 36 08.6                za2696587
85713J98S49S  C1998 10 30.95909 07 19 50.28 +29 36 12.2                za2696587
85713J98S49S  C1998 11 01.51351 07 35 05.71 +30 09 04.9          15.1 Vla3595689
85713J98S49S  C1998 11 02.08009 07 41 00.00 +30 19 53.7          15.1  ba2696635
85713J98S49S  C1998 11 02.09143 07 41 07.08 +30 20 06.7          15.1  ba2696635
85713J98S49S  C1998 11 02.10254 07 41 14.00 +30 20 19.5          15.0  ba2696635
85713J98S49S  C1998 11 02.11824 07 41 23.82 +30 20 37.5          15.4  ba2696635
85713J98S49S  C1998 11 02.13056 07 41 31.53 +30 20 51.5          15.1  ba2696635
85713J98S49S  C1998 11 02.13586 07 41 34.85 +30 20 57.7          15.1  ba2696635
85713J98S49S  C1998 11 02.27611 07 43 04.30 +30 24 01.5          15.4 Rza2696860
85713J98S49S  C1998 11 02.27883 07 43 06.00 +30 24 03.8          15.3 Rza2696860
85713J98S49S  C1998 11 02.28259 07 43 08.33 +30 24 08.4          15.5 Rza2696860
85713J98S49S  C1998 11 11.58733 09 43 27.87 +30 28 18.1                 a3038658
85713J98S49S  C1998 11 11.59008 09 43 30.25 +30 28 14.1                 a3038658
85713J98S49S  C1998 11 11.59127 09 43 31.30 +30 28 12.2                 a3038658
85713J98S49S  C1998 11 15.80885 10 44 39.74 +27 50 55.1          15.2 V a3038360
85713J98S49S  C1998 11 15.81059 10 44 41.19 +27 50 50.1                 a3038360
85713J98S49S  C1998 11 15.81233 10 44 42.65 +27 50 45.0                 a3038360
85713J98S49S  C1998 11 22.85208 12 13 35.81 +20 35 26.9                 a3038360
85713J98S49S  C1998 11 22.85382 12 13 36.90 +20 35 20.2                 a3038360
85713J98S49S  C1998 11 22.85521 12 13 37.82 +20 35 14.3                 a3038360
85713J98S49S  C1999 04 16.74042 20 14 30.40 -28 23 42.2          18.6 R a4480426
85713J98S49S  C1999 04 16.75224 20 14 31.07 -28 23 46.1          18.7 R a4480426
85713J98S49S  C1999 04 16.76118 20 14 31.63 -28 23 49.4          18.4 R a4480426
85713J98S49S  C1999 04 17.80640 20 15 32.77 -28 29 39.3          18.4 R a4480426
85713J98S49S  C1999 04 17.80979 20 15 32.96 -28 29 40.4          18.4 R a4480426
85713J98S49S  C1999 04 17.81293 20 15 33.13 -28 29 41.9          18.4 R a4480426
85713J98S49S  C1999 05 15.74917 20 25 50.43 -32 08 44.9          18.6 Rza4827428
85713J98S49S  C1999 05 15.77125 20 25 49.98 -32 08 58.3          18.5 Rza4827428
85713J98S49S  C1999 07 06.49720 19 08 12.68 -39 56 04.6          19.0 Rza5543428
85713J98S49S  C1999 07 06.50332 19 08 11.92 -39 56 05.4          19.0 Rza5543428
85713J98S49S  C1999 07 06.50946 19 08 11.10 -39 56 06.4          19.1 Rza5543428
85713J98S49S  C2000 07 28.70999 23 32 05.33 -17 58 22.8          18.6 Rcb7494474
85713J98S49S  C2000 07 28.71301 23 32 05.23 -17 58 24.1          18.9 Rcb7494474
85713J98S49S  C2000 07 28.71611 23 32 05.10 -17 58 25.3          19.2 Rcb7494474
85713J98S49S 1C2000 09 03.59178222 55 23.152-22 33 47.96         19.9 R b7494413
85713J98S49S 1C2000 09 03.59406822 55 22.973-22 33 48.92         20.0 R b7494413
85713J98S49S  C2002 07 16.37199 21 15 10.07 -32 53 28.1          18.6 R f8693711
85713J98S49S  C2002 07 16.38184 21 15 09.34 -32 53 32.6          19.8  cf8693644
85713J98S49S  C2002 07 16.38371 21 15 09.12 -32 53 33.7          18.4 R f8693711
85713J98S49S  C2002 07 16.39552 21 15 08.13 -32 53 38.6          18.6 R f8693711
85713J98S49S  C2002 07 16.39812 21 15 08.02 -32 53 39.6          20.0  cf8693644
85713J98S49S  C2002 07 16.41346 21 15 06.78 -32 53 47.2          19.8  cf8693644
85713J98S49S  C2003 08 03.36761 00 48 20.96 -07 12 23.0          19.5  ci2592671
85713J98S49S  C2003 08 03.37586 00 48 20.95 -07 12 24.9          19.6  ci2592671
85713J98S49S  C2003 08 03.37924 00 48 20.96 -07 12 25.5          19.8  ci2592671
85713J98S49S  C2003 09 14.48935 00 18 39.03 -11 59 04.8          18.6 Rci4434474
85713J98S49S  C2003 09 14.49068 00 18 38.91 -11 59 05.7          18.6 Rci4434474
85713J98S49S  C2003 09 14.49172 00 18 38.84 -11 59 05.9          18.8 Rci4434474
85713J98S49S  C2003 09 14.49624 00 18 38.48 -11 59 08.2          18.6 Rci4434474
85713J98S49S  C2003 09 17.31163 00 14 47.78 -12 23 01.1          18.5  ci4434704
85713J98S49S  C2003 09 17.32507 00 14 46.63 -12 23 07.6          18.9  ci4434704
85713J98S49S  C2003 09 17.33780 00 14 45.53 -12 23 14.0          19.4  ci4434704
85713J98S49S  C2003 09 17.35015 00 14 44.54 -12 23 19.5          19.1  ci4434704
85713J98S49S  C2003 09 24.33591 00 04 33.74 -13 19 35.6          18.3  ci4979644
85713J98S49S  C2003 09 24.35765 00 04 31.72 -13 19 45.7          18.3  ci4979644
85713J98S49S  C2003 09 24.38017 00 04 29.65 -13 19 55.7          18.6  ci4979644
85713J98S49S  C2003 09 28.47163 23 58 15.39 -13 49 52.7          20.5  ci6001608
85713J98S49S  C2003 09 28.48285 23 58 14.35 -13 49 57.4          20.2  ci6001608
85713J98S49S  C2003 09 28.49342 23 58 13.36 -13 50 02.3          20.7  ci6001608
85713J98S49S  C2003 10 16.19498 23 31 56.47 -15 17 15.0          19.0 Roi7583699
85713J98S49S  C2003 10 16.21166 23 31 55.07 -15 17 16.6                oi7583699
85713J98S49S  C2003 10 16.22830 23 31 53.72 -15 17 19.5                oi7583699
85713J98S49S  C2003 10 16.24486 23 31 52.26 -15 17 23.3                oi7583699
85713J98S49S  C2003 10 17.16554 23 30 38.49 -15 19 37.3          18.4  ci9213644
85713J98S49S  C2003 10 17.24814 23 30 31.75 -15 19 48.8          18.4  ci9213644
85713J98S49S  C2003 10 17.26877 23 30 30.07 -15 19 51.7          18.4  ci9213644
85713J98S49S  C2003 10 18.20510 23 29 16.34 -15 21 52.4          18.7  ci7583704
85713J98S49S  C2003 10 18.21775 23 29 15.35 -15 21 54.0          18.8  ci7583704
85713J98S49S  C2003 10 18.22964 23 29 14.40 -15 21 56.2          18.5  ci7583704
85713J98S49S  C2003 10 18.24144 23 29 13.32 -15 21 57.4          19.1  ci7583704
85713J98S49S  C2003 10 18.25338 23 29 12.45 -15 21 58.2          18.9  ci7583704
85713J98S49S  C2003 10 20.13918 23 26 48.44 -15 25 16.2          18.6  ci7583704
85713J98S49S  C2003 10 20.16268 23 26 46.59 -15 25 17.0          18.8  ci7583704
85713J98S49S  C2003 10 20.17430 23 26 45.69 -15 25 18.8          19.0  ci7583704
85713J98S49S  C2003 10 20.18602 23 26 44.80 -15 25 20.1          18.8  ci7583704
85713J98S49S  C2003 10 22.25259 23 24 14.00 -15 27 42.7          20.5  ci7583608
85713J98S49S  C2003 10 22.26339 23 24 13.18 -15 27 43.2          20.3  ci7583608
85713J98S49S  C2003 10 22.27423 23 24 12.41 -15 27 44.7          20.8  ci7583608
85713J98S49S  C2003 11 22.09681 23 04 36.94 -13 52 30.8          19.9  cj1641704
85713J98S49S  C2003 11 22.10955 23 04 36.86 -13 52 26.8          19.6  cj1641704
85713J98S49S  C2003 11 22.12222 23 04 36.81 -13 52 21.5          20.1  cj1641704
85713J98S49S  C2003 12 21.07452 23 16 19.34 -09 37 14.1          19.0  cj4409704
85713J98S49S  C2003 12 21.08752 23 16 19.82 -09 37 05.1          19.7  cj4409704
85713J98S49S  C2003 12 21.10013 23 16 20.42 -09 36 57.8          19.7  cj4409704
85713J98S49S  C2003 12 21.12531 23 16 21.53 -09 36 41.9          20.0  cj4409704
85713J98S49S   2004 03 10.73286101 34 57.64 +12 10 56.4                ok4136084
85713J98S49S   2004 04 01.76764202 45 41.69 +20 28 16.0                ok4136084
85713J98S49S  C2004 06 05.90977 09 04 21.58 +19 50 35.0          17.1 Rrk8631J87
85713J98S49S  C2004 06 05.91123 09 04 22.16 +19 50 30.9          17.1 Rrk8631J87
85713J98S49S  C2004 06 05.91270 09 04 22.76 +19 50 27.1          17.4 Rrk8631J87
85713J98S49S  C2004 06 13.15155 09 51 43.87 +14 13 45.9          17.3 Rdk8937703
85713J98S49S  C2004 06 13.15711 09 51 46.01 +14 13 29.7          17.4 Rdk8937703
85713J98S49S  C2004 06 13.16266 09 51 48.07 +14 13 12.2          17.0 Rdk8937703
85713J98S49S  C2004 06 13.16824 09 51 50.24 +14 12 57.2          17.2 Rdk8937703
85713J98S49S  C2004 06 14.16588 09 58 06.72 +13 23 39.4          17.9 Rok8937699
85713J98S49S  C2004 06 14.17399 09 58 09.79 +13 23 14.5                ok8937699
85713J98S49S  C2004 06 14.18209 09 58 12.82 +13 22 50.8                ok8937699
85713J98S49S  C2004 06 14.19020 09 58 15.84 +13 22 26.8                ok8937699
85713J98S49S  C2004 06 14.88954 10 02 37.41 +12 47 34.4          17.7 Vrk8937A13
85713J98S49S  C2004 06 14.89089 10 02 37.93 +12 47 30.2          17.7 Vrk8937A13
85713J98S49S  C2004 06 14.89220 10 02 38.41 +12 47 26.2          17.8 Vrk8937A13
85713J98S49S  C2004 06 14.89350 10 02 38.84 +12 47 22.1          17.9 Vrk8937A13
85713J98S49S  C2004 06 14.89481 10 02 39.46 +12 47 17.2          17.2 Vrk8937A13
85713J98S49S  C2004 06 16.15689 10 10 25.94 +11 44 07.5          17.2 Rdk8937703
85713J98S49S  C2004 06 16.16429 10 10 28.69 +11 43 45.1          17.3 Rdk8937703
85713J98S49S  C2004 06 16.17171 10 10 31.39 +11 43 22.7          17.6 Rdk8937703
85713J98S49S  C2004 06 16.17917 10 10 34.11 +11 43 00.3          17.6 Rdk8937703
85713        [C2004 06 17.25255 10 17 05.55 +10 48 58.9                t~18pn568
85713        [C2004 06 17.25395 10 17 06.07 +10 48 54.7                t~18pn568
85713        [C2004 06 17.25534 10 17 06.56 +10 48 50.5                t~18pn568
85713        [C2004 06 17.25673 10 17 07.05 +10 48 46.4                t~18pn568
85713J98S49S  C2004 06 17.87092 10 20 48.83 +10 17 39.3          17.8 Vrk8937A13
85713J98S49S  C2004 06 17.87207 10 20 49.20 +10 17 35.9          18.1 Vrk8937A13
85713J98S49S  C2004 06 17.87245 10 20 49.33 +10 17 34.6          18.2 Vrk8937A13
85713J98S49S  C2004 06 17.87397 10 20 49.86 +10 17 30.1          18.0 Vrk8937A13
85713J98S49S  C2004 06 17.87541 10 20 50.40 +10 17 26.2          18.1 Vrk8937A13
85713J98S49S  C2004 06 17.87579 10 20 50.56 +10 17 24.7          18.0 Vrk8937A13
85713J98S49S  C2004 06 17.87692 10 20 50.97 +10 17 21.0          17.8 Vrk8937A13
85713J98S49S  C2004 06 22.88496 10 49 54.88 +06 05 14.4          18.5 Vrk9536A13
85713J98S49S  C2004 06 22.88722 10 49 55.71 +06 05 07.4          18.1 Vrk9536A13
85713J98S49S  C2004 06 22.88918 10 49 56.35 +06 05 01.9          18.3 Vrk9536A13
85713J98S49S  C2004 06 22.89113 10 49 57.05 +06 04 55.0          18.3 Vrk9536A13
85713J98S49S  C2004 06 22.89260 10 49 57.50 +06 04 51.1          18.2 Vrk9536A13
85713J98S49S  C2004 07 20.37523 12 57 23.99 -12 29 09.3          18.5 Rrl0667E14
85713J98S49S  C2004 07 20.38200 12 57 25.50 -12 29 20.9          18.2 Rrl0667E14
85713J98S49S  C2004 07 20.38878 12 57 26.99 -12 29 33.1          18.1 Rrl0667E14
85713J98S49S  C2004 07 21.34971 13 01 05.33 -12 57 48.8          18.5 Rrl0667E12
85713J98S49S  C2004 07 21.35721 13 01 06.96 -12 58 02.0          18.3 Rrl0667E12
85713J98S49S  C2004 07 21.36469 13 01 08.62 -12 58 14.6          18.8 Rrl0667E12
85713J98S49S  C2004 07 21.37221 13 01 10.24 -12 58 27.9          18.4 Rrl0667E12
85713         C2006 09 08.06538 03 50 33.90 +14 49 11.9          18.4 Vcr8944585
85713         C2006 09 08.06792 03 50 34.30 +14 49 13.0                cr8944585
85713         C2006 09 08.07299 03 50 34.75 +14 49 15.4          18.5 Vcr8944585
85713         C2006 09 08.07859 03 50 35.26 +14 49 17.4          18.4 Vcr8944585
85713         C2006 09 08.08365 03 50 35.80 +14 49 21.3          18.7 Vcr8944585
85713         C2006 09 08.08618 03 50 36.22 +14 49 23.6          18.5 Vcr8944585
85713         C2006 09 08.08872 03 50 36.44 +14 49 24.0                cr8944585
85713         C2006 09 16.43980 04 06 08.56 +16 04 24.9          18.0 Vrs0520703
85713         C2006 09 16.44625 04 06 09.32 +16 04 29.4          18.1 Vrs0520703
85713         C2006 09 16.45271 04 06 10.04 +16 04 32.7          18.1 Vrs0520703
85713         C2006 09 19.35393 04 11 52.13 +16 32 49.2          18.9  cs0520704
85713         C2006 09 19.36613 04 11 53.55 +16 32 57.0          19.6  cs0520704
85713         C2006 09 19.37817 04 11 54.98 +16 33 03.5          19.3  cs0520704
85713         C2006 09 19.39004 04 11 56.37 +16 33 10.6          19.5  cs0520704
85713         C2006 09 19.40198 04 11 57.77 +16 33 17.4          19.1  cs0520704
85713         C2006 09 19.40796 04 11 58.51 +16 33 21.0          18.1 Ros0520699
85713         C2006 09 19.42807 04 12 00.81 +16 33 32.7                os0520699
85713         C2006 09 19.44819 04 12 03.18 +16 33 45.1                os0520699
85713         C2006 09 19.46832 04 12 05.50 +16 33 57.4                os0520699
85713         C2006 09 20.61664 04 14 24.05 +16 45 38.1          17.8 Ro~0cZm608
85713         C2006 09 20.62529 04 14 25.14 +16 45 43.9          18.2 Ro~0cZm608
85713         C2006 09 20.63394 04 14 26.15 +16 45 47.0          18.8 Ro~0cZm608
85713         C2006 09 22.33284 04 17 55.54 +17 03 25.1          18.3  cs2233704
85713         C2006 09 22.34415 04 17 56.93 +17 03 32.1          18.4  cs2233704
85713         C2006 09 22.35547 04 17 58.30 +17 03 39.7          18.3  cs2233704
85713         C2006 09 22.36697 04 17 59.72 +17 03 46.8          18.9  cs2233704
85713         C2006 09 22.37836 04 18 01.09 +17 03 53.5          18.6  cs2233704
85713         C2006 09 22.37991 04 18 01.37 +17 03 55.2          18.2  cs0520704
85713         C2006 09 22.39234 04 18 02.87 +17 04 03.8          18.6  cs0520704
85713         C2006 09 22.40439 04 18 04.28 +17 04 11.2          18.4  cs0520704
85713         C2006 09 22.41797 04 18 05.91 +17 04 19.8          18.3  cs0520704
85713         C2006 09 22.43027 04 18 07.43 +17 04 27.8          18.3  cs0520704
85713        1C2006 09 24.02598 04 21 28.25 +17 21 34.3          17.1  rt6111084
85713         C2006 09 26.34253 04 26 28.94 +17 47 42.1          18.1  cs2233704
85713         C2006 09 26.35478 04 26 30.43 +17 47 48.9          18.1  cs2233704
85713         C2006 09 26.36691 04 26 32.00 +17 47 57.7          18.2  cs2233704
85713         C2006 09 26.39115 04 26 35.11 +17 48 14.9          18.6  cs2233704
85713         C2006 09 29.37141 04 33 19.33 +18 23 56.9          17.9  cs2233704
85713         C2006 09 29.38419 04 33 21.05 +18 24 06.4          17.7  cs2233704
85713         C2006 09 29.39671 04 33 22.76 +18 24 16.0          18.0  cs2233704
85713         C2006 09 30.05325 04 34 54.92 +18 32 29.0                os3728493
85713         C2006 09 30.07346 04 34 57.67 +18 32 44.3                os3728493
85713         C2006 09 30.09470 04 35 00.67 +18 33 01.1                os3728493
85713         C2006 10 01.01264 04 37 11.99 +18 44 47.0                os3728493
85713         C2006 10 01.03624 04 37 15.04 +18 45 05.1                os3728493
85713         C2006 10 01.06028 04 37 18.58 +18 45 24.9                os3728493
85713         C2006 10 01.07102 04 37 19.99 +18 45 32.6                os3728493
85713         C2006 10 01.99919 04 39 35.32 +18 57 46.0                os3728493
85713         C2006 10 02.01669 04 39 37.76 +18 57 59.4                os3728493
85713         C2006 10 02.03888 04 39 41.02 +18 58 18.2                os3728493
85713         C2006 10 15.92201 05 21 04.26 +22 50 04.6          16.5 Vrs3728240
85713         C2006 10 15.92397 05 21 04.68 +22 50 07.1          16.2 Vrs3728240
85713         C2006 10 15.92494 05 21 04.91 +22 50 08.4          16.4 Vrs3728240
85713         C2006 10 15.92592 05 21 05.12 +22 50 09.7          16.4 Vrs3728240
85713         C2006 10 15.92691 05 21 05.33 +22 50 11.0          16.4 Vrs3728240
85713         C2006 10 15.92789 05 21 05.55 +22 50 12.1          16.6 Vrs3728240
85713         C2006 10 15.92886 05 21 05.77 +22 50 13.4          16.3 Vrs3728240
85713         C2006 10 15.92985 05 21 05.99 +22 50 14.8          16.4 Vrs3728240
85713         C2006 10 18.37114 05 30 39.77 +23 43 45.9          17.0  cs3728704
85713         C2006 10 18.38274 05 30 42.72 +23 44 00.3          18.5  cs3728704
85713         C2006 10 18.39425 05 30 45.33 +23 44 17.6          17.1  cs3728704
85713         C2006 10 18.41739 05 30 50.95 +23 44 50.5          17.0  cs3728704
85713        1C2006 10 18.97882 05 33 12.05 +23 57 39.7          16.2  rt6111084
85713         C2006 10 21.36813 05 43 55.06 +24 56 02.8          16.1  cs5046704
85713         C2006 10 21.38002 05 43 58.39 +24 56 20.9          16.5  cs5046704
85713         C2006 10 21.39202 05 44 01.71 +24 56 39.6          16.5  cs5046704
85713         C2006 10 21.40394 05 44 05.04 +24 56 58.4          16.6  cs5046704
85713         C2006 10 21.41615 05 44 08.41 +24 57 17.0          16.4  cs5046704
85713         C2006 10 23.36524 05 53 53.43 +25 48 37.8          15.4  cs5046704
85713         C2006 10 23.37901 05 53 57.68 +25 49 00.6          16.0  cs5046704
85713         C2006 10 23.39132 05 54 01.55 +25 49 21.2          17.0  cs5046704
85713         C2006 10 23.40309 05 54 05.05 +25 49 40.6          15.9  cs5046704
85713         C2006 10 23.41481 05 54 08.71 +25 49 59.8          15.9  cs5046704
85713         C2006 10 29.37211 06 31 29.49 +28 47 35.1          14.8  cs6374704
85713         C2006 10 29.38449 06 31 34.87 +28 47 59.0          15.1  cs6374704
85713         C2006 10 29.39634 06 31 40.11 +28 48 22.9          15.2  cs6374704
85713         C2006 10 29.40814 06 31 45.29 +28 48 46.3          15.1  cs6374704
85713        1C2006 11 09.15023 08 27 10.51 +33 50 47.7          14.4  rt6111084
85713        1C2006 11 09.15126 08 27 11.43 +33 50 48.5          14.3  rt6111084
85713         C2006 11 15.45380 10 09 19.39 +32 49 39.1          14.0  cs8091704
85713         C2006 11 15.46653 10 09 32.24 +32 49 11.5          14.4  cs8091704
85713         C2006 11 15.47927 10 09 45.04 +32 48 44.7          14.2  cs8091704
85713         C2006 11 15.49234 10 09 58.17 +32 48 16.6          14.2  cs8091704
85713         C2007 03 27.73021 19 45 58.89 -26 47 31.4          18.1 Vru5854E12
85713         C2007 03 27.73829 19 45 59.68 -26 47 33.6          17.9 Vru5854E12
85713         C2007 03 27.74634 19 46 00.48 -26 47 35.9          17.9 Vru5854E12
85713         C2007 03 27.75469 19 46 01.30 -26 47 37.8          18.1 Vru5854E12
85713         C2007 04 20.77147 20 16 32.41 -28 48 39.3          18.1 Vru8622E12
85713         C2007 04 20.78253 20 16 32.95 -28 48 43.6          18.1 Vru8622E12
85713         C2007 04 20.79354 20 16 33.49 -28 48 48.4          17.6 Vru8622E12
85713         C2007 06 17.73678 19 43 22.08 -38 19 15.5          17.7 Vrv1305E12
85713         C2007 06 17.74513 19 43 21.00 -38 19 19.5          17.7 Vrv1305E12
85713         C2007 06 17.75351 19 43 19.95 -38 19 24.1          17.6 Vrv1305E12
85713         C2007 06 17.76186 19 43 18.98 -38 19 28.8          17.9 Vrv1305E12
85713         C2007 06 17.77018 19 43 17.94 -38 19 32.7          17.9 Vrv1305E12
85713         C2008 08 06.59294 23 24 19.04 -19 15 25.0          20.4 Vrz4260E12
85713         C2008 08 06.60331 23 24 18.50 -19 15 31.2          20.4 Vrz4260E12
85713         C2008 08 06.61365 23 24 17.96 -19 15 35.1          19.6 Vrz4260E12
85713         C2008 08 06.62401 23 24 17.38 -19 15 40.7          20.3 Vrz4260E12
85713         C2008 08 23.54506 23 07 14.77 -21 27 40.1          20.7 Vrz4960E12
85713         C2008 08 23.55387 23 07 14.19 -21 27 43.8          19.5 Vrz4960E12
85713         C2008 08 23.56270 23 07 13.54 -21 27 48.4          20.0 Vrz4960E12
85713         C2008 08 23.57152 23 07 12.79 -21 27 51.9          20.4 Vrz4960E12
85713         S2010 05 09.68885321 38 40.88 -25 59 14.5                L~0HkDC51
85713         s2010 05 09.6888531 + 3923.8155 - 4618.4816 - 3329.2629   ~0HkDC51
85713         S2010 05 09.82115721 38 45.46 -25 59 30.1                L~0HkDC51
85713         s2010 05 09.8211571 + 3935.8796 - 4610.5286 - 3325.9618   ~0HkDC51
85713         S2010 05 09.95346221 38 50.07 -25 59 46.3                L~0HkDC51
85713         s2010 05 09.9534621 + 3948.8645 - 4602.8928 - 3321.1967   ~0HkDC51
85713         S2010 05 10.08576621 38 54.79 -26 00 03.2                L~0HkDC51
85713         s2010 05 10.0857661 + 3962.3276 - 4595.6570 - 3315.8279   ~0HkDC51
85713         S2010 05 10.15198121 38 57.16 -26 00 10.8                L~0HkDC51
85713         s2010 05 10.1519811 + 3950.9606 - 4581.0073 - 3349.4761   ~0HkDC51
85713         S2010 05 10.48267821 39 08.40 -26 00 55.1                L~0MIqC51
85713         s2010 05 10.4826781 + 3999.8402 - 4572.3058 - 3302.3802   ~0MIqC51
85713         S2010 05 10.54889421 39 10.65 -26 01 03.0                L~0MIqC51
85713         s2010 05 10.5488941 + 3988.2043 - 4557.5920 - 3336.5992   ~0MIqC51
85713         S2010 05 10.68119821 39 15.394-26 01 20.64               L~2nGQC51
85713         s2010 05 10.6811981 + 4000.5872 - 4550.0343 - 3332.0565   ~2nGQC51
85713         S2010 05 10.81350221 39 19.63 -26 01 38.3                L~0MIqC51
85713         s2010 05 10.8135021 + 4012.4536 - 4541.8533 - 3328.8610   ~0MIqC51
85713         S2010 05 10.94580721 39 24.03 -26 01 55.5                L~0MIqC51
85713         s2010 05 10.9458071 + 4025.1681 - 4533.9311 - 3324.2767   ~0MIqC51
85713         C2011 09 20.35858 00 08 54.34 -12 58 24.2          18.0 Vr~0YJr703
85713         C2011 09 20.36544 00 08 53.77 -12 58 28.5          18.6 Vr~0YJr703
85713         C2011 09 20.37226 00 08 53.08 -12 58 31.0          19.1 Vr~0YJr703
85713         C2011 09 20.37907 00 08 52.40 -12 58 33.2          18.6 Vr~0YJr703
85713         C2011 09 23.26839 00 04 37.45 -13 21 25.8          18.3 Vr~0YJr703
85713         C2011 09 23.27642 00 04 36.80 -13 21 28.3          18.9 Vr~0YJr703
85713         C2011 09 23.28434 00 04 36.01 -13 21 32.4          18.8 Vr~0YJr703
85713         C2011 09 23.29219 00 04 35.36 -13 21 37.8          18.7 Vr~0YJr703
85713         C2011 09 25.43933 00 01 21.621-13 37 51.17         19.3 gL~0ZIgF51
85713         C2011 09 25.45096 00 01 20.541-13 37 56.18         19.2 gL~0ZIgF51
85713         C2011 10 19.18302 23 26 43.40 -15 31 30.9          19.1 Vr~0ZIg703
85713         C2011 10 19.18814 23 26 43.04 -15 31 31.7          19.2 Vr~0ZIg703
85713         C2011 10 19.19331 23 26 42.68 -15 31 31.8          19.0 Vr~0ZIg703
85713         C2011 10 19.19841 23 26 42.25 -15 31 33.2          18.9 Vr~0ZIg703
85713         C2011 10 31.13278 23 13 52.82 -15 31 19.9          18.6 Vr~0aEz703
85713         C2011 10 31.13789 23 13 52.57 -15 31 19.4          19.3 Vr~0aEz703
85713         C2011 10 31.14294 23 13 52.32 -15 31 18.9          19.3 Vr~0aEz703
85713         C2011 10 31.14799 23 13 52.06 -15 31 19.2          18.9 Vr~0aEz703
85713         C2011 11 18.13931 23 04 16.59 -14 23 05.2          19.5  c~0atv704
85713         C2011 11 18.15206 23 04 16.34 -14 23 00.0          19.9  c~0atv704
85713         C2011 11 18.19047 23 04 15.84 -14 22 46.6          19.6  c~0atv704
85713         C2011 11 22.20527 23 03 46.490-13 58 12.45         19.5 zL~0atvF51
85713         C2011 11 22.21591 23 03 46.440-13 58 08.24         19.5 zL~0atvF51
85713         C2013 08 24.40683 21 47 59.747-29 35 23.64         19.6 iL~0tpdF51
85713         C2013 08 24.41738 21 47 58.938-29 35 26.22         19.7 iL~0tpdF51
85713         C2013 09 01.38527 21 38 09.279-30 02 34.53         20.5 gL~0u4QF51
85713         C2013 09 01.39546 21 38 08.550-30 02 36.16         20.4 gL~0u4QF51
85713         C2013 09 01.40564 21 38 07.782-30 02 37.64         20.0 rL~0u4QF51
85713         C2013 09 01.41531 21 38 07.080-30 02 39.18         19.9 rL~0u4QF51
85713         C2014 08 31.54900 03 33 02.943+13 22 06.37         19.6 wL~18PKF51
85713         C2014 08 31.56197 03 33 04.181+13 22 12.41         19.6 wL~18PKF51
85713         C2014 08 31.57489 03 33 05.406+13 22 18.40         19.3 wL~18PKF51
85713         C2014 08 31.58788 03 33 06.643+13 22 24.39         19.2 wL~18PKF51
85713         C2014 09 01.46679 03 34 32.65 +13 29 08.9          19.1 Vq~18PK703
85713         C2014 09 01.47081 03 34 33.02 +13 29 10.8          19.0 Vq~18PK703
85713         C2014 09 01.47484 03 34 33.42 +13 29 12.2          19.1 Vq~18PK703
85713         C2014 09 01.47887 03 34 33.84 +13 29 14.2          19.1 Vq~18PK703
85713         C2014 09 24.12141 04 14 15.47 +16 47 58.9          17.9 Rc~1BgXA24
85713         C2014 09 24.12213 04 14 15.50 +16 47 59.2          17.9 Rc~1BgXA24
85713         C2014 09 24.16280 04 14 20.11 +16 48 24.6          18.0 Rc~1BgXA24
85713         C2014 09 24.16352 04 14 20.20 +16 48 25.2          17.9 Rc~1BgXA24
85713         C2014 09 27.39676 04 20 43.67 +17 23 43.1          18.4 rR~1BC4G45
85713         C2014 09 27.39828 04 20 43.86 +17 23 44.3          18.1 rR~1BC4G45
85713         C2014 09 27.43130 04 20 47.72 +17 24 06.8          18.2 rR~1BC4G45
85713         C2014 09 27.45835 04 20 50.89 +17 24 26.0          17.8 rR~1BC4G45
85713         C2014 09 27.49508 04 20 55.16 +17 24 50.4          17.8 rR~1BC4G45
85713        KC2014 09 28.07057 04 22 05.69 +17 31 23.6          18.1 Rq~1BC4160
85713        KC2014 09 28.07249 04 22 05.91 +17 31 25.2          18.0 Rq~1BC4160
85713        KC2014 09 28.07444 04 22 06.14 +17 31 26.0          17.8 Rq~1BC4160
85713         C2014 10 02.88812 04 32 19.78 +18 30 42.3          18.0  v~1AEwN42
85713         C2014 10 02.89454 04 32 20.61 +18 30 47.1          17.4  v~1AEwN42
85713         C2014 10 02.90096 04 32 21.45 +18 30 52.4          17.9  v~1AEwN42
85713         C2014 10 02.90738 04 32 22.28 +18 30 57.4          17.8  v~1AEwN42
85713         C2014 10 02.91380 04 32 23.10 +18 31 02.6          18.0  v~1AEwN42
85713         C2014 10 03.08394 04 32 45.82 +18 33 16.6          17.6 Ru~1Akt118
85713         C2014 10 03.08866 04 32 46.43 +18 33 20.2          17.6 Ru~1Akt118
85713         C2014 10 03.10391 04 32 48.42 +18 33 32.5          17.5 Ru~1Akt118
85713         C2014 10 03.12033 04 32 50.55 +18 33 45.6          17.7 Ru~1Akt118
85713         C2014 10 03.46311 04 33 36.62 +18 38 22.8          17.2 Vq~1AEwG96
85713         C2014 10 03.47407 04 33 38.00 +18 38 31.6          17.4 Vq~1AEwG96
85713         C2014 10 03.48503 04 33 39.42 +18 38 40.4          17.4 Vq~1AEwG96
85713         C2014 10 03.49599 04 33 40.85 +18 38 49.2          17.3 Vq~1AEwG96
85713        KC2014 10 04.04955 04 34 56.38 +18 46 15.8          17.6 Rq~1AEw160
85713        KC2014 10 04.05126 04 34 56.59 +18 46 16.7          17.7 Rq~1AEw160
85713        KC2014 10 04.05308 04 34 56.84 +18 46 18.5          17.1 Rq~1AEw160
85713        KC2014 10 05.05830 04 37 15.48 +19 00 14.5          17.3 Rq~1Akt160
85713        KC2014 10 05.05987 04 37 15.60 +19 00 15.8          17.6 Rq~1Akt160
85713        KC2014 10 05.06135 04 37 15.80 +19 00 17.3          17.8 Rq~1Akt160
85713         C2014 10 05.93720 04 39 19.48 +19 12 44.7          17.0 Ru~1Akt118
85713         C2014 10 05.94893 04 39 21.14 +19 12 55.4          17.2 Ru~1Akt118
85713        KC2014 10 08.32399104 45 08.72 +19 48 44.7          17.8 Vu~1AktH21
85713        KC2014 10 08.32937904 45 09.52 +19 48 49.8          17.8 Vu~1AktH21
85713        KC2014 10 08.33477204 45 10.31 +19 48 54.9          17.8 Vu~1AktH21
85713        KC2014 10 12.31882 04 55 46.79 +20 56 01.4          17.0 Vq~1AktH21
85713        KC2014 10 12.32085 04 55 47.10 +20 56 03.8          17.0 Vq~1AktH21
85713        KC2014 10 12.32311 04 55 47.50 +20 56 06.3                q~1AktH21
85713         C2014 10 15.49559 05 05 14.21 +21 57 14.8          16.6 Vq~1AktG96
85713         C2014 10 15.50763 05 05 16.40 +21 57 29.6          16.1 Vq~1AktG96
85713         C2014 10 15.51365 05 05 17.48 +21 57 36.8          16.2 Vq~1AktG96
85713         C2014 10 16.45834 05 08 19.80 +22 17 21.5          16.4 Vq~1Akt703
85713         C2014 10 16.46335 05 08 20.75 +22 17 27.7          16.5 Vq~1Akt703
85713         C2014 10 16.46835 05 08 21.69 +22 17 34.3          16.5 Vq~1Akt703
85713         C2014 10 16.47335 05 08 22.63 +22 17 40.5          16.6 Vq~1Akt703
85713         C2014 10 17.90446 05 13 12.59 +22 48 57.4          16.1 Ru~1BC4118
85713         C2014 10 17.91743 05 13 15.24 +22 49 15.3          16.2 Ru~1BC4118
85713         C2014 10 18.13587 05 13 59.85 +22 54 15.5          16.3 Ru~1BC4118
85713         C2014 10 18.15711 05 14 04.18 +22 54 44.2          16.0 Ru~1BC4118
85713        KC2014 10 22.99080 05 33 00.17 +24 57 12.0          16.9 Rc~1BC4J19
85713        KC2014 10 23.00387 05 33 03.44 +24 57 34.2          16.7 Rc~1BC4J19
85713        KC2014 10 23.00822 05 33 04.51 +24 57 41.3          16.6 Rc~1BC4J19
85713        KC2014 10 23.01258 05 33 05.67 +24 57 48.6          16.0 Rc~1BC4J19
85713        KC2014 10 23.01693 05 33 06.83 +24 57 56.7          16.4 Rc~1BC4J19
85713        KC2014 10 23.10094 05 33 28.33 +25 00 19.9          16.6 Rq~1D7T160
85713        KC2014 10 23.10291 05 33 28.85 +25 00 22.5          15.8 Rq~1D7T160
85713        KC2014 10 23.10490 05 33 29.38 +25 00 25.9          16.1 Rq~1D7T160
85713         C2014 10 24.06170 05 37 49.76 +25 27 56.1          15.2 Rt~1CBl130
85713         C2014 10 24.06284 05 37 50.07 +25 27 58.1          15.2 Rt~1CBl130
85713         C2014 10 24.06399 05 37 50.39 +25 28 00.1          15.3 Rt~1CBl130
85713         C2014 10 24.06513 05 37 50.71 +25 28 02.3          15.4 Rt~1CBl130
85713         C2014 10 24.43089 05 39 33.60 +25 38 57.1          15.4 Vq~1BC4G96
85713         C2014 10 24.43700 05 39 35.28 +25 39 08.1          15.4 Vq~1BC4G96
85713         C2014 10 24.44311 05 39 36.97 +25 39 19.0          15.4 Vq~1BC4G96
85713         C2014 10 24.44922 05 39 38.66 +25 39 30.0          15.4 Vq~1BC4G96
85713         C2014 10 26.92973605 52 19.32 +26 57 23.2          15.3  q~1BgXB04
85713         C2014 10 26.94231505 52 23.43 +26 57 48.6          15.4  q~1BgXB04
85713         C2014 10 26.95910605 52 28.93 +26 58 23.0          15.6  q~1BgXB04
85713         C2014 10 26.96330105 52 30.29 +26 58 31.5          15.6  q~1BgXB04
85713         C2014 10 26.97028605 52 32.57 +26 58 45.7          15.7  q~1BgXB04
85713        KC2014 10 28.00979 05 58 26.84 +27 34 01.1          15.5 Rq~1CBm160
85713        KC2014 10 28.01170 05 58 27.51 +27 34 05.0          15.5 Rq~1CBm160
85713        KC2014 10 28.01348 05 58 28.12 +27 34 08.9          15.9 Rq~1CBm160
85713         C2014 10 30.40297 06 13 39.56 +29 00 45.7          14.9 Vq~1BgXG96
85713         C2014 10 30.40721 06 13 41.27 +29 00 55.4          14.9 Vq~1BgXG96
85713         C2014 10 30.41145 06 13 42.97 +29 01 05.2          14.8 Vq~1BgXG96
85713         C2014 10 30.41569 06 13 44.68 +29 01 14.9          14.8 Vq~1BgXG96
85713        KC2014 11 02.02802 06 33 32.31 +30 43 52.1          15.0 Rq~1CBm160
85713        KC2014 11 02.02999 06 33 33.28 +30 43 57.0          14.9 Rq~1CBm160
85713        KC2014 11 02.03193 06 33 34.23 +30 44 01.9          15.1 Rq~1CBm160
85713         C2014 11 04.37515 06 54 54.18 +32 21 16.7          14.3 Vq~1C2LG96
85713         C2014 11 04.38029 06 54 57.19 +32 21 29.9          14.3 Vq~1C2LG96
85713         C2014 11 04.38542 06 55 00.19 +32 21 43.0          14.4 Vq~1C2LG96
85713         C2014 11 04.39056 06 55 03.20 +32 21 56.2          14.4 Vq~1C2LG96
85713         C2014 11 09.35452007 55 11.53 +35 36 41.2          14.5 Vu~1CBmH21
85713         C2014 11 09.35642807 55 13.17 +35 36 45.2          14.5 Vu~1CBmH21
85713         C2014 11 09.35831907 55 14.79 +35 36 48.9          14.6 Vu~1CBmH21
85713         C2014 11 09.36021507 55 16.41 +35 36 52.9          14.6 Vu~1CBmH21
85713         C2014 11 09.36210807 55 18.03 +35 36 56.7          14.6 Vu~1CBmH21
85713         C2014 11 09.36400207 55 19.65 +35 37 00.5          14.6 Vu~1CBmH21
85713         C2014 11 09.36591007 55 21.29 +35 37 04.4          14.6 Vu~1CBmH21
85713         C2014 11 09.36833607 55 23.36 +35 37 09.2          14.6 Vu~1CBmH21
85713         C2014 11 09.46203907 56 43.78 +35 40 14.9          14.7 Vu~1CBmH21
85713         C2014 11 09.46346907 56 45.01 +35 40 17.6          14.8 Vu~1CBmH21
85713         C2014 11 09.46525807 56 46.56 +35 40 21.1          14.7 Vu~1CBmH21
85713         C2014 11 09.46704607 56 48.10 +35 40 24.6          14.7 Vu~1CBmH21
85713         C2014 11 09.46883407 56 49.63 +35 40 28.1          14.7 Vu~1CBmH21
85713         C2014 11 09.47062207 56 51.17 +35 40 31.5          14.8 Vu~1CBmH21
85713         C2014 11 09.47258807 56 52.86 +35 40 35.3          14.7 Vu~1CBmH21
85713         C2014 11 14.44964509 21 22.07 +36 57 06.0          14.6 Vu~1CBmH21
85713         C2014 11 14.45155009 21 24.21 +36 57 05.2          14.5 Vu~1CBmH21
85713         C2014 11 14.45535409 21 28.47 +36 57 03.6          14.5 Vu~1CBmH21
85713         C2014 11 14.45725309 21 30.59 +36 57 02.8          14.5 Vu~1CBmH21
85713         C2014 11 14.45915309 21 32.72 +36 57 01.9          14.5 Vu~1CBmH21
85713         C2014 11 14.46294109 21 36.96 +36 57 00.2          14.5 Vu~1CBmH21
85713         C2014 11 14.46483809 21 39.09 +36 56 59.4          14.5 Vu~1CBmH21
85713         C2014 11 14.46673109 21 41.20 +36 56 58.6          14.5 Vu~1CBmH21
85713         C2014 11 15.45634809 40 39.77 +36 43 35.1          14.6 Vu~1CYDH21
85713         C2014 11 15.45825709 40 41.95 +36 43 32.9          14.6 Vu~1CYDH21
85713         C2014 11 15.46016709 40 44.13 +36 43 30.7          14.5 Vu~1CYDH21
85713         C2014 11 15.46207209 40 46.31 +36 43 28.5          14.6 Vu~1CYDH21
85713         C2014 11 15.46398309 40 48.49 +36 43 26.3          14.5 Vu~1CYDH21
85713         C2014 11 15.46589509 40 50.68 +36 43 24.1          14.5 Vu~1CYDH21
85713         C2014 11 15.46762109 40 52.66 +36 43 22.2          14.5 Vu~1CYDH21
85713         C2014 11 16.43984 09 59 49.85 +36 18 36.1          13.9 Vq~1CYDG96
85713         C2014 11 16.44490 09 59 55.71 +36 18 27.1          13.9 Vq~1CYDG96
85713         C2014 11 16.44995 10 00 01.56 +36 18 18.1          13.9 Vq~1CYDG96
85713         C2014 11 16.45504 10 00 07.45 +36 18 08.9          13.9 Vq~1CYDG96
85713         S2014 11 16.53863310 01 42.97 +36 15 32.0                L~3Xe3C51
85713         s2014 11 16.5386331 - 5173.6326 + 2348.3515 + 3871.5985   ~3Xe3C51
85713         S2014 11 16.53876010 01 43.13 +36 15 32.7                L~3Xe3C51
85713         s2014 11 16.5387601 - 5210.3308 + 2379.4852 + 3803.0322   ~3Xe3C51
85713         S2014 11 16.67017410 04 17.17 +36 11 08.6                L~3Xe3C51
85713         s2014 11 16.6701741 - 5198.4771 + 2352.8736 + 3835.5809   ~3Xe3C51
85713         S2014 11 16.73588010 05 34.19 +36 08 51.9                L~3Xe3C51
85713         s2014 11 16.7358801 - 5192.4567 + 2339.5697 + 3851.7966   ~3Xe3C51
85713         S2014 11 16.86729310 08 08.18 +36 04 08.9                L~3Xe3C51
85713         s2014 11 16.8672931 - 5180.2747 + 2313.0032 + 3884.0184   ~3Xe3C51
85713         C2014 11 21.46314411 33 27.70 +31 20 37.7          15.0 Vu~1D7TH21
85713         C2014 11 21.46505111 33 29.61 +31 20 28.4          15.0 Vu~1D7TH21
85713         C2014 11 21.46694511 33 31.50 +31 20 19.3          15.0 Vu~1D7TH21
85713         C2014 11 21.46883711 33 33.40 +31 20 10.2          15.0 Vu~1D7TH21
85713         C2014 11 21.47073111 33 35.30 +31 20 00.8          15.0 Vu~1D7TH21
85713         C2014 11 21.47262311 33 37.18 +31 19 51.7          15.1 Vu~1D7TH21
85713         C2014 11 21.47489411 33 39.46 +31 19 40.6          15.0 Vu~1D7TH21
85713         C2014 11 23.91032 12 11 55.55 +27 45 38.3          15.7 Vr~1Pwj168
85713         C2014 11 23.94851 12 12 28.66 +27 42 10.5          15.2 Vr~1Pwj168
85713         C2014 11 23.95106 12 12 30.85 +27 41 56.6          15.1 Vr~1Pwj168
85713         C2014 11 24.01003 12 13 21.62 +27 36 35.1          15.1 Vr~1Pwj168
85713         C2014 11 24.01269 12 13 23.88 +27 36 20.7          15.1 Vr~1Pwj168
85713         C2014 11 24.53271 12 20 44.75 +26 48 37.8          14.7 Vq~1D7TG96
85713         C2014 11 24.53514 12 20 46.74 +26 48 24.5          14.7 Vq~1D7TG96
85713         C2014 11 24.53757 12 20 48.72 +26 48 11.1          14.7 Vq~1D7TG96
85713         C2014 11 24.54001 12 20 50.73 +26 47 57.7          14.7 Vq~1D7TG96
85713         C2014 11 26.49017 12 46 00.17 +23 46 48.8          15.1 Vq~1D7TG96
85713         C2014 11 26.49672 12 46 04.81 +23 46 13.0          15.1 Vq~1D7TG96
85713         C2014 11 26.50327 12 46 09.47 +23 45 37.2          15.1 Vq~1D7TG96
85713         C2014 11 26.50982 12 46 14.10 +23 45 01.4          15.2 Vq~1D7TG96
85713         S2015 04 20.64236 20 15 22.10 -28 50 08.2          19   RL~1QwWC51
85713         s2015 04 20.64236 1 + 3122.1947 - 5127.6042 - 3351.7438   ~1QwWC51
85713         S2015 04 20.70794 20 15 25.36 -28 50 35.2                L~1QwWC51
85713         s2015 04 20.70794 1 + 3144.5049 - 5138.3453 - 3314.1636   ~1QwWC51
85713         S2015 04 20.77365 20 15 28.62 -28 51 00.2                L~1QwWC51
85713         s2015 04 20.77365 1 + 3135.1322 - 5121.4480 - 3349.0777   ~1QwWC51
85713         S2015 04 20.90493 20 15 34.93 -28 51 51.5                L~1QwWC51
85713         s2015 04 20.90493 1 + 3148.0328 - 5115.2371 - 3346.4665   ~1QwWC51
85713         S2015 04 20.97051 20 15 38.20 -28 52 18.3                L~1QwWC51
85713         s2015 04 20.97051 1 + 3170.3396 - 5125.8138 - 3308.9566   ~1QwWC51
85713         S2015 04 21.10180 20 15 44.61 -28 53 10.3                L~1QwWC51
85713         s2015 04 21.10180 1 + 3181.8508 - 5118.3103 - 3309.5299   ~1QwWC51
85713         C2015 04 27.26893 20 19 55.50 -29 36 59.0          18.5 Rr~1RUVY00
85713         C2015 04 27.28049 20 19 56.01 -29 37 04.6          18.5 Rr~1RUVY00
85713         C2015 04 28.27152 20 20 27.19 -29 44 39.7          18.5 Rq~1RUVY00
85713         C2015 04 28.28151 20 20 27.56 -29 44 45.3          18.5 Rq~1RUVY00
85713         C2015 04 28.29833 20 20 28.11 -29 44 54.1          18.8 Rq~1RUVY00
85713        |C2015 05 05.34449 20 22 52.39 -30 43 42.0          18.4 Vu~1Rse807
85713        |C2015 05 05.34934 20 22 52.43 -30 43 44.6          18.4 Vu~1Rse807
85713        |C2015 05 05.35416 20 22 52.46 -30 43 47.2          18.3 Vu~1Rse807
85713        |C2015 06 01.23189 20 08 32.04 -35 34 04.5          17.9 Vu~1TFN807
85713        |C2015 06 01.23452 20 08 31.83 -35 34 06.5          17.9 Vu~1TFN807
85713        |C2015 06 01.23720 20 08 31.61 -35 34 08.5          17.8 Vu~1TFN807
85713        |C2015 06 01.23971 20 08 31.41 -35 34 10.3          17.9 Vu~1TFN807
85713        |C2015 06 01.24249 20 08 31.19 -35 34 12.2          17.6 Vu~1TFN807
85713         C2015 06 16.52400 19 43 05.752-38 18 59.16         17.7 wL~1TaFF51
85713         C2015 06 16.53420 19 43 04.492-38 19 04.82         17.7 wL~1TaFF51
85713         C2015 06 16.54437 19 43 03.236-38 19 10.42         17.8 wL~1TaFF51
85713         C2015 06 16.55455 19 43 01.979-38 19 15.92         17.8 wL~1TaFF51
85713         C2015 06 22.49966 19 30 41.095-39 08 10.13         17.6 wL~1TwTF52
85713         C2015 06 22.50962 19 30 39.771-39 08 14.40         17.6 wL~1TwTF52
85713         C2015 06 22.51966 19 30 38.445-39 08 18.73         17.6 wL~1TwTF52
85713         C2015 06 22.52963 19 30 37.123-39 08 22.95         17.6 wL~1TwTF52
85713         C2015 07 11.10563 18 50 57.27 -40 14 53.0          17.9   ~1UUZW95
85713         C2015 07 11.11942 18 50 55.66 -40 14 53.4          17.9   ~1UUZW95
85713         C2015 07 11.13320 18 50 53.95 -40 14 53.5          18.0   ~1UUZW95
85713         C2015 07 11.14690 18 50 52.30 -40 14 53.6          17.7   ~1UUaW95
85713         C2016 07 30.54615 23 28 37.636-18 29 00.23         20.2 wL~1wOaF51
85713         C2016 07 30.55774 23 28 37.179-18 29 05.44         20.3 wL~1wOaF51
85713         C2016 07 30.56932 23 28 36.704-18 29 10.37         20.3 wL~1wOaF51
85713         C2016 07 30.58089 23 28 36.205-18 29 15.42         20.4 wL~1wOaF51
85713         C2016 08 10.46962 23 20 05.389-19 51 49.37         20.1 wL~1wn3F51
85713         C2016 08 10.47995 23 20 04.805-19 51 54.33         20.1 wL~1wn3F51
85713         C2016 08 10.49026 23 20 04.218-19 51 59.15         20.2 wL~1wn3F51
85713         C2016 08 10.50059 23 20 03.632-19 52 04.10         20.2 wL~1wn3F51
85713         C2016 08 27.41355 23 01 43.066-22 02 00.74         19.8 wL~1xLYF51
85713         C2016 08 27.43811 23 01 41.230-22 02 11.31         19.8 wL~1xLYF51
85713         C2016 08 27.45037 23 01 40.306-22 02 16.54         19.9 wL~1xLYF51
85713         C2016 10 17.27905 22 08 38.084-24 08 13.18         19.9 iL~203oF51
85713         C2016 10 17.29004 22 08 37.741-24 08 11.47         19.8 iL~203oF51
85713         C2016 10 17.31201 22 08 37.052-24 08 08.13         19.8 iL~203oF51
85713         C2018 06 11.51539 21 42 34.016-28 34 38.39         19.9 wU~2frTF51
85713         C2018 06 11.52577 21 42 33.811-28 34 42.82         19.8 wU~2frTF51
85713         C2018 06 11.53618 21 42 33.583-28 34 47.21         19.8 wU~2frTF51
85713         C2018 07 10.49387 21 19 37.777-32 24 54.98         19.2 wU~2hsRF51
85713         C2018 07 10.50292 21 19 37.091-32 24 59.36         19.3 wU~2hsRF51
85713         C2018 07 10.51194 21 19 36.410-32 25 03.68         19.3 wU~2hsRF51
85713         C2019 08 08.54543 00 44 45.608-07 57 29.84         20.2 wU~3BS5F51
85713         C2019 08 08.55718 00 44 45.423-07 57 33.17         20.1 wU~3BS5F51
85713         C2019 08 08.56892 00 44 45.235-07 57 36.55         20.1 wU~3BS5F51
85713         C2019 08 08.58067 00 44 45.042-07 57 39.97         20.2 wU~3BS5F51
85713         C2019 08 09.54064 00 44 30.598-08 02 20.76         20.2 wU~3C4ZF52
85713         C2019 08 09.55167 00 44 30.402-08 02 24.01         20.2 wU~3C4ZF52
85713         C2019 08 09.56261 00 44 30.211-08 02 27.30         20.1 wU~3C4ZF52
85713         C2019 08 09.57356 00 44 30.018-08 02 30.56         20.2 wU~3C4ZF52
85713         C2019 08 22.57338 00 38 29.193-09 20 36.00         19.6 iU~3CSoF52
85713         C2019 08 22.58435 00 38 28.731-09 20 40.57         19.6 iU~3CSoF52
85713         C2019 08 22.59532 00 38 28.268-09 20 45.25         19.8 iU~3CSoF52
85713         C2019 08 22.60629 00 38 27.801-09 20 49.76         19.7 iU~3CSoF52
85713         C2019 08 25.51839 00 36 23.172-09 41 47.57         19.5 iU~3DjuF52
85713         C2019 08 25.52937 00 36 22.650-09 41 52.47         19.5 iU~3DjuF52
85713         C2019 08 25.55147 00 36 21.591-09 42 02.28         19.6 iU~3DjuF52
85713         C2019 08 27.32430 00 34 57.64 -09 55 20.9          19.9 GV~3Dju703
85713         C2019 08 29.39789000 33 11.32 -10 11 23.0          19.51rU~3DjuI41
85713         C2019 08 29.41924000 33 10.13 -10 11 32.9          19.96gU~3DjuI41
85713         C2019 09 01.32509000 30 27.53 -10 34 44.8          19.31rU~3DjuI41
85713         C2019 09 01.39718100 30 23.14 -10 35 19.8          20.11gU~3DjuI41
85713         C2019 09 03.34115 00 28 25.25 -10 51 14.8          19.3 GV~3Dju703
85713         C2019 09 03.35176 00 28 24.49 -10 51 21.7          19.5 GV~3Dju703
85713         C2019 09 03.35706 00 28 24.19 -10 51 23.4          19.9 GV~3Dju703
85713        KC2019 09 08.99886400 22 03.62 -11 38 48.5          19.0 GV~4cgVC95
85713        KC2019 09 09.01334700 22 02.54 -11 38 56.0          18.9 GV~4cgVC95
85713         C2019 09 20.30015 00 06 56.91 -13 13 18.6                V~3Fy7703
85713         C2019 09 20.30562 00 06 56.30 -13 13 21.5          19.2 GV~3Fy7703
85713         C2019 09 20.31109 00 06 55.83 -13 13 24.1          19.9 GV~3Fy7703
85713         C2019 09 20.31656 00 06 55.26 -13 13 27.6          19.3 GV~3Fy7703
85713         C2019 09 22.37460 00 03 54.734-13 29 40.43         18.9 wU~3Fy7F51
85713         C2019 09 22.38574 00 03 53.724-13 29 45.66         18.8 wU~3Fy7F51
85713         C2019 09 22.39687 00 03 52.709-13 29 50.89         19.0 wU~3Fy7F51
85713         C2019 09 22.40802 00 03 51.697-13 29 56.09         18.9 wU~3Fy7F51
85713         C2019 09 24.40246 00 00 53.463-13 45 09.10         19.0 wU~3K7LF51
85713         C2019 09 24.41293 00 00 52.499-13 45 13.85         18.9 wU~3K7LF51
85713         C2019 09 24.42342 00 00 51.529-13 45 18.54         18.9 wU~3K7LF51
85713         C2019 09 24.43389 00 00 50.561-13 45 23.26         18.8 wU~3K7LF51
85713         C2019 09 30.23951 23 52 01.95 -14 26 00.0          18.9 GV~3K7L703
85713         C2019 09 30.24475 23 52 01.37 -14 26 02.3          19.1 GV~3K7L703
85713         C2019 09 30.25000 23 52 00.92 -14 26 03.9          18.9 GV~3K7L703
85713         C2019 09 30.25524 23 52 00.48 -14 26 06.3          19.1 GV~3K7L703
85713         C2019 10 03.22217 23 47 29.31 -14 44 16.6          19.4 GV~3K7L703
85713         C2019 10 03.22749 23 47 28.83 -14 44 18.1          19.1 GV~3K7L703
85713         C2019 10 03.23281 23 47 28.27 -14 44 20.0          19.4 GV~3K7L703
85713         C2019 10 03.23813 23 47 27.87 -14 44 21.4          18.8 GV~3K7L703
85713         C2019 10 04.46152723 45 36.46 -14 51 14.8          18.96oV~3K7LT08
85713         C2019 10 04.46479923 45 36.16 -14 51 16.5          18.92oV~3K7LT08
85713         C2019 10 04.47042523 45 35.64 -14 51 17.8          18.78oV~3K7LT08
85713         C2019 10 04.48108623 45 34.63 -14 51 22.1          18.34oV~3K7LT08
85713         C2019 10 14.33684 23 31 18.799-15 33 04.05         18.8 iU~3MLkF52
85713         C2019 10 14.34784 23 31 17.864-15 33 05.92         18.8 iU~3MLkF52
85713         C2019 10 14.35890 23 31 16.936-15 33 07.84         18.8 iU~3MLkF52
85713         C2019 10 14.36983 23 31 16.013-15 33 09.78         18.8 iU~3MLkF52
85713         C2019 10 16.39650423 28 33.16 -15 38 27.4          18.95oV~3MLkT08
85713         C2019 10 16.40028823 28 32.88 -15 38 27.3          18.93oV~3MLkT08
85713         C2019 10 16.40629823 28 32.38 -15 38 28.8          18.56oV~3MLkT08
85713         C2019 10 16.41664023 28 31.53 -15 38 30.3          18.87oV~3MLkT08
85713         C2019 10 20.18818 23 23 45.60 -15 45 17.7                V~4kdj703
85713         C2019 10 20.19876 23 23 44.73 -15 45 18.0                V~3MLk703
85713         C2019 10 20.20405 23 23 44.24 -15 45 18.1          18.7 GV~3MLk703
85713         C2019 10 22.32430123 21 13.85 -15 47 19.2          19.34cV~3MLkT05
85713         C2019 10 22.33019123 21 13.42 -15 47 19.8          19.30cV~3MLkT05
85713         C2019 10 22.33341923 21 13.12 -15 47 19.4          19.36cV~3MLkT05
85713         C2019 10 22.34541123 21 12.31 -15 47 20.2          19.06cV~3MLkT05
85713         C2019 10 23.16614 23 20 16.34 -15 47 49.0          18.7 GV~3MLk703
85713         C2019 10 23.17142 23 20 16.05 -15 47 48.9          18.6 GV~3MLk703
85713         C2019 10 23.17670 23 20 15.73 -15 47 48.0          19.0 GV~3MLk703
85713         C2019 10 23.18199 23 20 15.40 -15 47 49.1          18.9 GV~3MLk703
85713         C2019 10 23.31725 23 20 06.178-15 47 50.89         19.1 wU~3MLkF52
85713         C2019 10 23.32833 23 20 05.407-15 47 51.10         19.2 wU~3MLkF52
85713         C2019 10 23.33943 23 20 04.636-15 47 51.34         19.1 wU~3MLkF52
85713         C2019 10 23.34253323 20 04.42 -15 47 51.6          19.20oV~3MLkT08
85713         C2019 10 23.34575523 20 04.21 -15 47 52.1          19.00oV~3MLkT08
85713         C2019 10 23.35052 23 20 03.864-15 47 51.65         19.1 wU~3MLkF52
85713         C2019 10 23.35222023 20 03.69 -15 47 51.8          18.63oV~3MLkT08
85713         C2019 10 23.36281723 20 03.00 -15 47 52.0          18.95oV~3MLkT08
85713         C2019 10 24.31875 23 18 59.832-15 48 05.73         19.1 wU~3MLkF52
85713         C2019 10 24.32906 23 18 59.134-15 48 05.81         19.1 wU~3MLkF52
85713         C2019 10 24.33938 23 18 58.437-15 48 05.89         19.1 wU~3MLkF52
85713         C2019 10 27.36817223 15 49.88 -15 47 08.7          18.69oV~3P9ET08
85713         C2019 10 27.37186323 15 49.64 -15 47 08.8          18.94oV~3P9ET08
85713         C2019 10 27.37740323 15 49.35 -15 47 08.3          19.10oV~3P9ET08
85713         C2019 10 27.38797823 15 48.66 -15 47 08.2          18.94oV~3P9ET08
85713         C2019 10 29.17752 23 14 06.47 -15 45 23.8          19.0 GV~3P9E703
85713         C2019 10 29.18324 23 14 06.10 -15 45 25.1          19.4 GV~3P9E703
85713         C2019 10 29.18898 23 14 05.75 -15 45 24.3          19.6 GV~3P9E703
85713         C2019 10 29.19470 23 14 05.47 -15 45 24.4          19.3 GV~3P9E703
85713         C2019 10 31.32235123 12 12.62 -15 42 12.2          19.36oV~3P9ET08
85713         C2019 10 31.32528023 12 12.48 -15 42 11.4          19.03oV~3P9ET08
85713         C2019 10 31.33090123 12 12.19 -15 42 11.6          18.78oV~3P9ET08
85713         C2019 10 31.34088623 12 11.66 -15 42 09.8          18.91oV~3P9ET08
85713         C2019 11 01.15760 23 11 31.17 -15 40 39.8          19.4 GV~3P9E703
85713         C2019 11 01.16309 23 11 30.87 -15 40 38.5          19.4 GV~3P9EG96
85713         C2019 11 01.16333 23 11 30.82 -15 40 38.5          19.9 GV~3P9E703
85713         C2019 11 01.16825 23 11 30.62 -15 40 37.9          19.3 GV~3P9EG96
85713         C2019 11 01.16907 23 11 30.61 -15 40 38.3          20.1 GV~3P9E703
85713         C2019 11 01.17340 23 11 30.35 -15 40 37.2          19.4 GV~3P9EG96
85713         C2019 11 01.17481 23 11 30.30 -15 40 37.6                V~3P9E703
85713         C2019 11 01.17856 23 11 30.08 -15 40 36.8          19.3 GV~3P9EG96
85713         C2019 11 12.22401 23 04 47.686-15 03 57.96         19.1 iU~3ROvF52
85713         C2019 11 12.23759 23 04 47.332-15 03 54.14         19.1 iU~3ROvF52
85713         C2019 11 12.25120 23 04 46.984-15 03 50.57         19.0 iU~3ROvF52
85713         C2019 11 12.26478 23 04 46.620-15 03 46.94         19.1 iU~3ROvF52
85713         C2019 11 12.27539 23 04 46.342-15 03 44.03         19.1 iU~3ROvF52
85713         C2019 11 12.28637 23 04 46.061-15 03 40.95         19.2 iU~3ROvF52
85713         C2019 11 12.29732 23 04 45.765-15 03 37.87         19.2 iU~3ROvF52
85713         C2019 11 12.30827 23 04 45.480-15 03 34.77         19.1 iU~3ROvF52
85713         C2019 11 23.20778 23 02 35.858-14 01 53.57         19.6 wU~3SjuF51
85713         C2019 11 23.21800 23 02 35.836-14 01 49.49         19.5 wU~3SjuF51
85713         C2019 11 23.22822 23 02 35.812-14 01 45.45         19.6 wU~3SjuF51
85713         C2019 11 26.24324 23 02 44.643-13 40 49.37         19.5 wU~3SjuF51
85713         C2019 11 26.25544 23 02 44.697-13 40 44.08         19.6 wU~3SjuF51
85713         C2019 11 26.26763 23 02 44.742-13 40 38.82         19.5 wU~3SjuF51
85713         C2019 11 26.27979 23 02 44.794-13 40 33.58         19.5 wU~3SjuF51
85713         C2019 12 08.26358 23 06 17.309-12 02 48.56         19.5 iU~3WNXF52
85713         C2019 12 08.27556 23 06 17.633-12 02 41.76         19.1 iU~3WNXF52
85713         C2019 12 08.28668 23 06 17.937-12 02 35.77         19.4 iU~3WNXF52
85713         C2019 12 08.29783 23 06 18.248-12 02 29.66         19.4 iU~3WNXF52
85713         C2019 12 12.21893 23 08 24.546-11 25 54.10         19.3 iU~3WNXF52
85713         C2019 12 12.22996 23 08 24.922-11 25 47.77         19.3 iU~3WNXF52
85713         C2019 12 12.24093 23 08 25.288-11 25 41.71         19.4 iU~3WNXF52
85713         C2020 01 05.13378 23 29 45.31 -06 58 56.9          19.9 Vo~3byb691
85713         C2020 01 05.14202 23 29 45.88 -06 58 51.0          20.0 Vo~3byb691
85713         C2020 01 05.15026 23 29 46.43 -06 58 44.5          20.0 Vo~3byb691
85713         C2020 01 23.22826 23 54 13.472-02 49 21.53         19.8 wU~3fA9F51
85713         C2020 01 23.23305 23 54 13.907-02 49 17.25         19.9 wU~3fA9F51
85713         C2020 01 23.23780 23 54 14.345-02 49 12.98         19.8 wU~3fA9F51
85713         C2020 01 23.24255 23 54 14.774-02 49 08.77         19.9 wU~3fA9F51
85713         C2020 05 18.24322306 42 55.66 +29 12 36.9          16.91cV~3uE4T05
85713         C2020 05 18.24734706 42 57.26 +29 12 34.6          17.12cV~3uE4T05
85713         C2020 05 18.25286906 42 59.46 +29 12 30.9          16.93cV~3uE4T05
85713         C2020 05 18.26389906 43 03.84 +29 12 23.6          16.96cV~3uE4T05
85713        KC2020 05 26.82007 07 41 07.70 +26 45 03.6          16.6 Vq~3vvWK73
85713        KC2020 05 26.82360 07 41 09.17 +26 44 58.6          16.5 Vq~3vvWK73
85713         C2020 06 03.25620808 31 49.59 +23 03 56.3          17.12oV~3xM1T05
85713         C2020 06 03.25989208 31 51.10 +23 03 48.2          17.21oV~3xM1T05
85713         C2020 06 03.26540208 31 53.29 +23 03 36.3          17.11oV~3xM1T05
85713         C2020 06 03.27561708 31 57.43 +23 03 14.6          16.98oV~3xM1T05
85713         C2020 06 09.24617709 11 39.77 +19 10 12.0          17.39oV~3xM1T08
85713         C2020 06 09.24939709 11 41.01 +19 10 03.3          17.18oV~3xM1T08
85713         C2020 06 09.25492309 11 43.18 +19 09 49.1          17.32oV~3xM1T08
85713         C2020 06 09.26966409 11 48.89 +19 09 11.5          17.24oV~3xM1T08
85713         C2020 06 13.24808909 37 22.56 +16 12 58.1          17.52oV~3xM1T08
85713         C2020 06 13.25093709 37 23.62 +16 12 49.9          17.49oV~3xM1T08
85713         C2020 06 13.25786009 37 26.22 +16 12 30.9          17.65oV~3xM1T08
85713         C2020 06 13.26893209 37 30.41 +16 12 00.2          18.02oV~3xM1T08
85713         C2020 06 17.24755010 02 09.27 +13 04 40.9          17.66oV~3xM1T08
85713         C2020 06 17.25261010 02 11.09 +13 04 26.7          18.50oV~3xM1T08
85713         C2020 06 17.26368110 02 15.08 +13 03 54.4          17.73oV~3xM1T08
85713         C2020 06 17.26875810 02 16.92 +13 03 40.0          18.05oV~3xM1T08
85713         C2020 07 02.26520911 25 29.45 +01 06 05.9          18.17oV~41zZT08
85713         C2020 07 02.26798611 25 30.23 +01 05 57.4          18.54oV~41zZT08
85713         C2020 07 02.27490011 25 32.30 +01 05 38.9          18.19oV~41zZT08
85713         C2020 07 02.28739811 25 36.13 +01 05 04.7          18.64oV~41zZT08
85713         C2020 07 10.27080512 03 31.38 -04 34 19.2          18.91oV~41zZT08
85713         C2020 07 10.27449012 03 32.43 -04 34 27.8          18.60oV~41zZT08
85713         C2020 07 10.28048412 03 34.05 -04 34 41.2          18.80oV~41zZT08
85713         C2020 07 10.29063212 03 36.75 -04 35 06.1          18.51oV~41zZT08
85713         C2021 07 06.51554722 36 45.753-24 06 41.53         20.35wU~4uU7F51
85713         C2021 07 06.52588322 36 45.432-24 06 45.75         20.37wU~4uU7F51
85713         C2021 07 06.53620722 36 45.108-24 06 50.05         20.31wU~4uU7F51
85713         C2021 07 06.54655122 36 44.792-24 06 54.28         20.34wU~4uU7F51
85713         C2021 08 16.45859421 57 06.924-29 00 34.71         19.89wU~50NvF51
85713         C2021 08 16.46830421 57 06.158-29 00 38.03         19.92wU~50NvF51
85713         C2021 08 16.47800321 57 05.393-29 00 41.25         19.82wU~50NvF51
85713         C2021 08 16.48773121 57 04.634-29 00 44.46         19.80wU~50NvF51
85713         C2021 08 31.33427121 38 22.897-30 03 26.23         19.99wU~50NvF52
85713         C2021 08 31.34319921 38 22.240-30 03 27.86         19.97wU~50NvF52
85713         C2021 08 31.35213221 38 21.583-30 03 29.25         20.04wU~50NvF52
85713         C2021 08 31.36109021 38 20.921-30 03 30.81         19.98wU~50NvF52
85713         C2021 09 07.36355021 30 19.893-30 17 38.80         20.10wU~50NvF52
85713         C2021 09 07.37246321 30 19.294-30 17 39.43         20.01wU~50NvF52
85713         C2021 09 07.38138421 30 18.706-30 17 40.16         20.12wU~50NvF52
85713        KC2021 09 11.09259 21 26 26.36 -30 21 05.2          20.1 GV~53aoW94
85713        KC2021 09 11.09818 21 26 25.90 -30 21 05.0          20.1 GV~53aoW94
85713        KC2021 09 11.10387 21 26 25.55 -30 21 05.2          20.1 GV~53aoW94
85713         C2021 10 01.27361221 11 19.847-29 57 30.12         20.31wU~57L7F52
85713         C2021 10 01.28252921 11 19.579-29 57 28.88         20.53wU~57L7F52
85713         C2021 10 01.29141321 11 19.307-29 57 27.20         20.39wU~57L7F52
85713         C2021 10 01.30027921 11 19.043-29 57 25.84         20.36wU~57L7F52
