     K10X15C* C2010 12 05.28946 04 31 21.54 -25 20 30.7          17.5 Vr~0PrL703
     K10X15C  C2010 12 05.29543 04 31 15.74 -25 20 12.7          17.6 Vr~0PrL703
     K10X15C  C2010 12 05.30144 04 31 09.91 -25 19 54.3          17.7 Vr~0PrL703
     K10X15C  C2010 12 05.30745 04 31 04.08 -25 19 35.9          17.4 Vr~0PrL703
     K10X15C  C2010 12 05.62946 04 26 07.05 -25 02 48.3          17.7 Ro~0PrL300
     K10X15C  C2010 12 05.63122 04 26 05.34 -25 02 42.5          17.8 Ro~0PrL300
     K10X15C  C2010 12 05.63299 04 26 03.67 -25 02 36.8          17.9 Ro~0PrL300
     K10X15C  C2010 12 05.63475 04 26 01.94 -25 02 31.0          17.9 Ro~0PrL300
     K10X15C  C2010 12 05.63651 04 26 00.24 -25 02 25.4          17.8 Ro~0PrL300
     K10X15C  C2010 12 06.04586 04 19 48.90 -24 37 54.9          17.1 Rc~0PrL844
     K10X15C  C2010 12 06.04709 04 19 47.73 -24 37 50.7          17.4 Rc~0PrL844
     K10X15C  C2010 12 06.04804 04 19 46.80 -24 37 47.3          17.4 Rc~0PrL844
     K10X15C  C2010 12 06.04865 04 19 46.17 -24 37 45.5          17.3 Rc~0PrL844
     K10X15C  C2010 12 06.05007 04 19 44.87 -24 37 41.2          17.4 Rc~0PrL844
     K10X15C  C2010 12 06.05161 04 19 43.36 -24 37 36.0          17.3 Rc~0PrL844
     K10X15C  C2010 12 06.05216 04 19 42.91 -24 37 34.8          17.7 Rc~0PrL844
     K10X15C  C2010 12 06.05288 04 19 42.21 -24 37 31.8          17.4 Rc~0PrL844
     K10X15C  C2010 12 06.05420 04 19 40.99 -24 37 27.7          17.4 Rc~0PrL844
     K10X15C  C2010 12 06.05672 04 19 38.50 -24 37 19.3          17.3 Rc~0PrL844
     K10X15C  C2010 12 06.06115 04 19 34.26 -24 37 04.6          17.5 Rc~0PrL844
     K10X15C  C2010 12 06.06456 04 19 31.18 -24 36 53.4          17.8 Rc~0PrL844
     K10X15C  C2010 12 06.06883 04 19 27.00 -24 36 39.2          17.2 Rc~0PrL844
     K10X15C  C2010 12 06.07257 04 19 23.43 -24 36 27.0          17.3 Rc~0PrL844
     K10X15C  C2010 12 06.07748 04 19 18.74 -24 36 10.0          17.5 Rc~0PrL844
     K10X15C KC2010 12 06.21354304 17 12.33 -24 30 20.9          17.6 Vo~0PrLH20
     K10X15C KC2010 12 06.21597804 17 10.01 -24 30 12.6          18.0 Vo~0PrLH20
     K10X15C KC2010 12 06.22053604 17 05.67 -24 29 56.8          17.8 Vo~0PrLH20
     K10X15C KC2010 12 06.22264004 17 03.70 -24 29 49.8          18.0 Vo~0PrLH21
     K10X15C KC2010 12 06.22295904 17 03.36 -24 29 48.3          17.6 Vo~0PrLH20
     K10X15C KC2010 12 06.22609604 17 00.42 -24 29 37.8          18.2 Vo~0PrLH21
     K10X15C KC2010 12 06.22923504 16 57.42 -24 29 26.8          18.1 Vo~0PrLH21
     K10X15C KC2010 12 06.23212304 16 54.69 -24 29 16.7          17.7 Vo~0PrLH21
     K10X15C KC2010 12 06.23477104 16 52.17 -24 29 07.4          17.9 Vo~0PrLH21
     K10X15C  C2010 12 06.23669 04 16 51.14 -24 29 00.4          17.4 Ru~0PrLH36
     K10X15C  C2010 12 06.24925 04 16 39.17 -24 28 16.5          17.4 Ru~0PrLH36
     K10X15C  C2010 12 06.25788 04 16 30.99 -24 27 46.4          17.4 Ru~0PrLH36
     K10X15C  C2010 12 06.26220 04 16 26.84 -24 27 31.3          17.4 Ru~0PrLH36
     K10X15C  C2010 12 06.53039 04 12 26.60 -24 11 33.8          18.1 Ro~0PrL300
     K10X15C  C2010 12 06.53360 04 12 23.48 -24 11 22.2          18.0 Ro~0PrL300
     K10X15C  C2010 12 06.53468 04 12 22.46 -24 11 18.9          18.1 Ro~0PrL300
     K10X15C  C2010 12 06.53580 04 12 21.40 -24 11 13.7          18.0 Ro~0PrL300
     K10X15C  C2010 12 06.53687 04 12 20.41 -24 11 10.7          17.7 Ro~0PrL300
     K10X15C  C2010 12 06.53794 04 12 19.36 -24 11 06.6          18.1 Ro~0PrL300
     K10X15C KC2010 12 07.03056 04 04 56.78 -23 38 47.7          17.5 Ru~0PrLI19
     K10X15C KC2010 12 07.03424 04 04 53.37 -23 38 34.6          17.7 Ru~0PrLI19
     K10X15C KC2010 12 07.03676 04 04 51.02 -23 38 25.2          17.4 Ru~0PrLI19
     K10X15C  C2010 12 07.04353 04 04 43.70 -23 37 56.8          16.8 Rc~0PrL844
     K10X15C  C2010 12 07.04374 04 04 43.50 -23 37 55.7          17.0 Rc~0PrL844
     K10X15C  C2010 12 07.04395 04 04 43.34 -23 37 55.7          16.5 Rc~0PrL844
     K10X15C  C2010 12 07.04416 04 04 43.12 -23 37 54.5          16.8 Rc~0PrL844
     K10X15C  C2010 12 07.04436 04 04 42.92 -23 37 53.6          16.5 Rc~0PrL844
     K10X15C  C2010 12 07.04457 04 04 42.72 -23 37 52.9          16.7 Rc~0PrL844
     K10X15C  C2010 12 07.04478 04 04 42.54 -23 37 52.3          16.9 Rc~0PrL844
     K10X15C  C2010 12 07.04499 04 04 42.38 -23 37 51.4          16.7 Rc~0PrL844
     K10X15C  C2010 12 07.04520 04 04 42.17 -23 37 50.4          16.6 Rc~0PrL844
     K10X15C  C2010 12 07.04541 04 04 41.98 -23 37 49.6          16.8 Rc~0PrL844
     K10X15C  C2010 12 07.04561 04 04 41.75 -23 37 48.5          16.6 Rc~0PrL844
     K10X15C  C2010 12 07.04582 04 04 41.57 -23 37 48.1          16.9 Rc~0PrL844
     K10X15C  C2010 12 07.04603 04 04 41.36 -23 37 47.5          16.8 Rc~0PrL844
     K10X15C  C2010 12 07.04624 04 04 41.17 -23 37 47.0          16.8 Rc~0PrL844
     K10X15C  C2010 12 07.04645 04 04 41.03 -23 37 45.2          16.7 Rc~0PrL844
     K10X15C  C2010 12 07.04666 04 04 40.80 -23 37 45.1          16.7 Rc~0PrL844
     K10X15C  C2010 12 07.04685 04 04 40.61 -23 37 43.8          16.8 Rc~0PrL844
     K10X15C  C2010 12 07.04706 04 04 40.36 -23 37 43.2          17.1 Rc~0PrL844
     K10X15C  C2010 12 07.04727 04 04 40.19 -23 37 42.6          16.9 Rc~0PrL844
     K10X15C  C2010 12 07.04748 04 04 39.98 -23 37 41.9          16.9 Rc~0PrL844
     K10X15C  C2010 12 07.04769 04 04 39.82 -23 37 41.4          16.7 Rc~0PrL844
     K10X15C  C2010 12 07.04789 04 04 39.64 -23 37 40.2          16.9 Rc~0PrL844
     K10X15C  C2010 12 07.04810 04 04 39.45 -23 37 39.1          16.6 Rc~0PrL844
     K10X15C  C2010 12 07.04831 04 04 39.26 -23 37 39.3          16.8 Rc~0PrL844
     K10X15C  C2010 12 07.04852 04 04 39.03 -23 37 38.0          16.8 Rc~0PrL844
     K10X15C  C2010 12 07.04873 04 04 38.85 -23 37 37.9          16.8 Rc~0PrL844
     K10X15C  C2010 12 07.04894 04 04 38.66 -23 37 36.6          17.0 Rc~0PrL844
     K10X15C  C2010 12 07.04914 04 04 38.46 -23 37 35.9          16.8 Rc~0PrL844
     K10X15C  C2010 12 07.04935 04 04 38.26 -23 37 35.0          16.6 Rc~0PrL844
     K10X15C  C2010 12 07.04956 04 04 38.08 -23 37 34.0          16.6 Rc~0PrL844
     K10X15C  C2010 12 09.26286203 32 37.33 -21 05 26.9          18.1 Vo~0PrLH21
     K10X15C  C2010 12 09.26482303 32 35.65 -21 05 18.0          18.0 Vo~0PrLH21
     K10X15C  C2010 12 09.26687403 32 33.87 -21 05 08.6          18.1 Vo~0PrLH21
     K10X15C  C2010 12 09.27091503 32 30.40 -21 04 50.0          18.6 Vo~0PrLH21
     K10X15C  C2010 12 09.27247403 32 29.06 -21 04 43.2          17.8 Vo~0PrLH21
     K10X15C KC2010 12 10.93806 03 10 26.46 -18 56 14.6          17.4 Rv~0Ql2204
     K10X15C KC2010 12 10.94643 03 10 19.83 -18 55 34.3                v~0Ql2204
     K10X15C KC2010 12 10.95531 03 10 12.82 -18 54 51.9                v~0Ql2204
     K10X15C tC2010 12 11.21022 03 07 02.97 -18 34 27.0          18.6 Vo~0PrL291
     K10X15C tC2010 12 11.21402 03 06 59.98 -18 34 09.5          18.3 Vo~0PrL291
     K10X15C tC2010 12 11.21792 03 06 56.95 -18 33 50.4          18.7 Vo~0PrL291
     K10X15C QC2010 12 11.54433803 02 52.84 -18 06 04.9          18.0 Vr~0RWQE12
     K10X15C QC2010 12 11.55342003 02 45.84 -18 05 20.8          17.8 Vr~0RWQE12
     K10X15C QC2010 12 11.56059303 02 40.32 -18 04 45.8          18.0 Vr~0RWQE12
     K10X15C QC2010 12 11.56774203 02 34.82 -18 04 11.3          17.9 Vr~0RWQE12
     K10X15C KC2010 12 14.10943602 33 57.99 -14 42 51.7          18.2 Vo~0PrLH20
     K10X15C KC2010 12 14.11203902 33 56.26 -14 42 39.3          18.1 Vo~0PrLH20
     K10X15C KC2010 12 14.11469002 33 54.55 -14 42 27.1          18.2 Vo~0PrLH20
     K10X15C KC2010 12 14.11767402 33 52.60 -14 42 12.5          17.9 Vo~0PrLH20
     K10X15C KC2010 12 14.11988002 33 51.16 -14 42 02.3          18.5 Vo~0PrLH21
     K10X15C KC2010 12 14.12256802 33 49.40 -14 41 49.4          18.4 Vo~0PrLH21
     K10X15C KC2010 12 14.12516802 33 47.70 -14 41 37.1          18.3 Vo~0PrLH21
     K10X15C KC2010 12 14.12808002 33 45.81 -14 41 23.4          18.4 Vo~0PrLH21
     K10X15C KC2010 12 14.13185 02 33 43.37 -14 41 05.6          18.4 Vo~0PrMH21
     K10X15C KC2010 12 14.13588 02 33 40.71 -14 40 46.6          18.2 Vo~0PrMH21
     K10X15C KC2010 12 14.14059 02 33 37.64 -14 40 23.9          18.3 Vo~0PrMH21
     K10X15C KC2010 12 14.14348 02 33 35.76 -14 40 10.2          18.4 Vo~0PrMH21
     K10X15C  C2010 12 14.16028 02 33 26.92 -14 38 41.8          18.1 Vr~0PrM703
     K10X15C  C2010 12 14.16766 02 33 22.06 -14 38 07.5          18.1 Vr~0PrM703
     K10X15C  C2010 12 14.17509 02 33 17.24 -14 37 32.8          18.1 Vr~0PrM703
     K10X15C  C2010 12 14.18255 02 33 12.34 -14 36 57.6          18.0 Vr~0PrM703
     K10X15C KC2010 12 14.83663 02 26 37.80 -13 45 50.7          18.1 Rw~0Ql2160
     K10X15C KC2010 12 14.83937 02 26 36.10 -13 45 38.6          17.9 Rw~0Ql2160
     K10X15C KC2010 12 14.84210 02 26 34.39 -13 45 25.7          18.0 Rw~0Ql2160
     K10X15C KC2010 12 15.00436802 25 02.62 -13 32 41.5          18.3 Vo~0QoDH21
     K10X15C KC2010 12 15.00670302 25 01.22 -13 32 30.8          18.0 Vo~0QoDH21
     K10X15C KC2010 12 15.00922402 24 59.69 -13 32 19.3          17.6 Vo~0QoDH21
     K10X15C KC2010 12 15.01184202 24 58.10 -13 32 07.0          18.2 Vo~0QoDH21
     K10X15C KC2010 12 19.04615001 51 07.50 -08 39 08.4          18.7 Vo~0Ql2H21
     K10X15C KC2010 12 19.05429301 51 03.76 -08 38 35.5          18.9 Vo~0Ql2H21
     K10X15C KC2010 12 19.05809201 51 02.01 -08 38 20.5          18.9 Vo~0Ql2H21
     K10X15C  C2010 12 27.07719101 07 42.25 -01 12 35.7          19.5 Vo~0QoDH21
     K10X15C  C2010 12 27.08005001 07 41.50 -01 12 27.7          20.3 Vo~0QoDH21
     K10X15C  C2010 12 27.08308801 07 40.70 -01 12 19.6          19.8 Vo~0QoDH21
     K10X15C  C2010 12 27.08594201 07 39.96 -01 12 11.4          19.8 Vo~0QoDH21
     K10X15C  C2010 12 27.08879301 07 39.23 -01 12 03.8          19.9 Vo~0QoDH21
     K10X15C  C2010 12 27.09145201 07 38.52 -01 11 56.5          20.1 Vo~0QoDH21
     K10X15C  C2010 12 29.07079 01 00 14.94 +00 13 22.6          20.1 Vr~0QoD703
     K10X15C  C2010 12 29.07649 01 00 13.71 +00 13 36.0          19.4 Vr~0QoD703
     K10X15C  C2010 12 29.08213 01 00 12.31 +00 13 51.3          20.7 Vr~0QoD703
     K10X15C  C2010 12 29.08786 01 00 10.94 +00 14 03.8          19.7 Vr~0QoD703
     K10X15C KC2011 01 04.05906 00 42 33.43 +03 47 07.5          20.3 Vo~0QtzH21
     K10X15C KC2011 01 04.06245 00 42 32.87 +03 47 13.6          20.5 Vo~0QtzH21
     K10X15C KC2011 01 04.07456 00 42 30.93 +03 47 35.8                o~0QtzH21
     K10X15C  C2011 01 09.15991 00 31 11.53 +06 08 43.4          21.0 Vo~0RWQ291
     K10X15C  C2011 01 09.16558 00 31 10.81 +06 08 51.7          21.2 Vo~0RWQ291
     K10X15C  C2011 01 09.16966 00 31 10.26 +06 08 57.9                o~0RWQ291
     K10X15C HC2011 01 14.09516 00 21 54.56 +07 58 09.3                o~0RWQ291
     K10X15C HC2011 01 14.09879 00 21 54.09 +07 58 13.1                o~0RWQ291
     K10X15C HC2011 01 14.10249 00 21 53.60 +07 58 17.5                o~0RWQ291
     K10X15C KC2012 11 24.49449 11 14 24.03 +04 40 24.4          22.4 Ro~0ljL291
     K10X15C KC2012 11 24.51176 11 14 28.94 +04 40 06.7          22.5 Ro~0ljL291
     K10X15C KC2012 11 24.52752 11 14 33.42 +04 39 50.7          22.2 Ro~0ljL291
     K10X15C KC2012 11 25.46203 11 19 07.12 +04 23 50.5                o~55HO291
     K10X15C KC2012 11 25.47314 11 19 10.34 +04 23 39.4                o~0ljL291
     K10X15C KC2012 11 25.48482 11 19 13.77 +04 23 27.0                o~55HO291
     K10X15C KC2012 11 25.49592 11 19 17.04 +04 23 15.0          22.5 Ro~0ljL291
     K10X15C KC2012 11 25.50757 11 19 20.39 +04 23 03.6                o~55HO291
     K10X15C KC2012 11 25.51867 11 19 23.63 +04 22 51.9          22.3 Ro~0ljL291
     K10X15C |C2015 11 21.03464 22 54 59.13 -48 44 55.6          19.9 Vu~1dd3807
     K10X15C |C2015 11 21.03644 22 54 59.94 -48 44 42.6          19.9 Vu~1dd3807
     K10X15C |C2015 11 21.03835 22 55 00.73 -48 44 28.7          19.6 Vu~1dd3807
     K10X15C |C2015 11 21.04026 22 55 01.55 -48 44 14.2          20.1 Vu~1dd3807
     K10X15C |C2015 11 21.04193 22 55 02.25 -48 44 02.0          20.3 Vu~1dd3807
     K10X15C |C2015 11 21.04556 22 55 03.73 -48 43 35.8          20.4 Vu~1dd3807
     K10X15C |C2015 11 21.04736 22 55 04.45 -48 43 22.6          20.4 Vu~1dd3807
     K10X15C |C2015 11 21.04928 22 55 05.24 -48 43 08.7          20.0 Vu~1dd3807
     K10X15C |C2015 11 21.05119 22 55 06.03 -48 42 54.4          20.1 Vu~1dd3807
     K10X15C |C2015 11 21.05287 22 55 06.71 -48 42 42.0          20.2 Vu~1dd3807
     K10X15C HC2015 12 03.08546 23 48 34.42 -28 05 55.2          20.5 Vo~1eNg691
     K10X15C HC2015 12 03.08749 23 48 34.71 -28 05 45.4          20.4 Vo~1eNg691
     K10X15C HC2015 12 03.08952 23 48 35.01 -28 05 35.3          20.6 Vo~1eNg691
     K10X15C HC2015 12 14.14083 00 12 45.05 -15 27 36.6          21.7 Vo~1g0m691
     K10X15C HC2015 12 14.14378 00 12 45.24 -15 27 27.1          21.7 Vo~1g0m691
     K10X15C HC2015 12 14.14673 00 12 45.52 -15 27 17.5          21.2 Vo~1g0m691
     K10X15C KC2016 02 10.11787 01 23 56.46 +14 09 38.1          21.4 Ro~1l2G291
     K10X15C KC2016 02 10.12655 01 23 56.68 +14 09 48.2          21.5 Ro~1l2G291
     K10X15C KC2016 02 10.13521 01 23 56.97 +14 09 55.1          21.5 Ro~1l2G291
     K10X15C KC2017 11 23.50520 10 18 10.03 +04 51 17.8          22.1 Ro~2QgM291
     K10X15C KC2017 11 23.50962 10 18 11.03 +04 51 15.6          22.2 Ro~2QgM291
     K10X15C KC2017 11 23.51405 10 18 12.03 +04 51 13.0          22.0 Ro~2QgM291
     K10X15C KC2017 11 24.50945 10 22 05.66 +04 42 47.5                o~2RfN691
     K10X15C KC2017 11 24.53833 10 22 12.30 +04 42 33.1                o~2RfN691
     K10X15C KC2017 11 27.51093 10 34 28.02 +04 15 55.0                o~2RfN291
     K10X15C KC2017 11 27.51403 10 34 28.84 +04 15 53.1                o~2RfN291
     K10X15C KC2017 11 27.51714 10 34 29.57 +04 15 51.5                o~2RfN291
     K10X15C KC2021 01 13.12814 00 45 11.63 +00 31 40.0          23.3 Ro~4U5y291
     K10X15C KC2021 01 13.13934 00 45 13.17 +00 31 59.2          23.8 Ro~4U5y291
     K10X15C KC2021 01 13.15056 00 45 14.65 +00 32 18.1          23.9 Ro~4U5y291
